32 1 174 1 174 69 32 69 mask 0
563 2 710 2 710 125 563 125 no-mask 0
774 5 905 5 905 141 774 141 no-mask 0
1082 148 1238 148 1238 346 1082 346 no-mask 0
991 204 1172 204 1172 434 991 434 no-mask 0
1757 313 1943 313 1943 541 1757 541 mask 0
1546 139 1710 139 1710 340 1546 340 mask 0
1442 478.00000000000006 1655 478.00000000000006 1655 725.9999999999999 1442 725.9999999999999 mask 0
1258 52 1434 52 1434 276 1258 276 mask 0
6 598 506 598 506 1186 6 1186 mask 0
428 91 615 91 615 313 428 313 mask 0
596 72 787 72 787 338 596 338 mask 0
866 403 1075 403 1075 685 866 685 mask 0