131 249.00000000000003 310 249.00000000000003 310 454 131 454 no-mask 0
1531 6 1637 6 1637 72 1531 72 mask 0
1691 417 1884 417 1884 673 1691 673 mask 0
1637 47 1803 47 1803 282 1637 282 mask 0
1362 11 1525 11 1525 188 1362 188 mask 0
1141 252 1325 252 1325 474 1141 474 mask 0
1181 5 1340 5 1340 184 1181 184 mask 0
861 10 1033 10 1033 178 861 178 mask 0
419 7 576 7 576 172 419 172 mask 0
864 186 1027 186 1027 393 864 393 mask 0
906 577 1090 577 1090 812 906 812 mask 0
997 684 1214 684 1214 927 997 927 mask 0
627 845 837 845 837 1060 627 1060 mask 0
6 751 190 751 190 1013 6 1013 mask 0
244.99999999999997 577 388 577 388 779 244.99999999999997 779 mask 0
152 651 332 651 332 877 152 877 mask 0
48 105 220 105 220 292 48 292 mask 0
449 272 649 272 649 486 449 486 mask 0