204 147 306 147 306 290 204 290 no-mask 0
502 163 702 163 702 389 502 389 no-mask 0
591 2 657 2 657 81 591 81 no-mask 0
386 2 460 2 460 79 386 79 no-mask 0
759 75 847 75 847 184 759 184 no-mask 0
444 50 550 50 550 178 444 178 no-mask 0
105 40 229 40 229 174 105 174 no-mask 0
103 480.99999999999994 226 480.99999999999994 226 616 103 616 no-mask 0
333 226 482 226 482 432 333 432 mask 0
644 14 734 14 734 124 644 124 mask 0
808 94 915 94 915 226 808 226 mask 0
1005 43 1192 43 1192 255 1005 255 mask 0
818 320 1017 320 1017 585 818 585 mask 0