1387 242 1443 242 1443 309 1387 309 mask 0
185 738 256 738 256 823 185 823 no-mask 0
292 826 359 826 359 909.9999999999999 292 909.9999999999999 no-mask 0
2 610 64 610 64 696 2 696 mask 0
210 603 305 603 305 689 210 689 mask 0
110 592 179 592 179 670 110 670 mask 0
148 198 211 198 211 260 148 260 mask 0
146 236.00000000000003 201 236.00000000000003 201 301 146 301 mask 0
307 476.99999999999994 371 476.99999999999994 371 554 307 554 mask 0
230 463.00000000000006 299 463.00000000000006 299 541 230 541 mask 0
462 291 518 291 518 351 462 351 mask 0
417 347 474 347 474 416 417 416 mask 0
249 356 313 356 313 430 249 430 no-mask 0
399 305 454 305 454 372 399 372 no-mask 0
498 359 557 359 557 428.00000000000006 498 428.00000000000006 no-mask 0
572 332 634 332 634 399 572 399 no-mask 0
660 285 715 285 715 363 660 363 no-mask 0
485 505 554 505 554 584 485 584 mask 0
647 453 720 453 720 539 647 539 mask 0
703 359 770 359 770 436 703 436 mask 0
616 242 675 242 675 311 616 311 mask 0
501 171 550 171 550 225.00000000000003 501 225.00000000000003 mask 0
567 135 619 135 619 194 567 194 mask 0
607 92 655 92 655 150 607 150 mask 0
696 0.9999999999999999 744 0.9999999999999999 744 51 696 51 mask 0
681 46.99999999999999 728 46.99999999999999 728 101 681 101 mask 0
756 59.00000000000001 806 59.00000000000001 806 118.00000000000001 756 118.00000000000001 mask 0
782 125 832 125 832 182 782 182 no-mask 0
766 244 824 244 824 309 766 309 mask 0
836 111 889 111 889 171 836 171 mask 0
813 44 862 44 862 99 813 99 mask 0
887 1.9999999999999998 930 1.9999999999999998 930 45 887 45 mask 0
925 65 970 65 970 114 925 114 mask 0
993 80 1038 80 1038 118.00000000000001 993 118.00000000000001 mask 0
970 158 1026 158 1026 215 970 215 mask 0
803 449 881 449 881 542 803 542 mask 0
1079 432 1142 432 1142 511 1079 511 mask 0
1093 363 1152 363 1152 440 1093 440 mask 0
983 282 1043 282 1043 353.99999999999994 983 353.99999999999994 mask 0
878 399 957 399 957 480.99999999999994 878 480.99999999999994 mask 0
932 453 1000.9999999999999 453 1000.9999999999999 537 932 537 mask 0
1034 465 1109 465 1109 556 1034 556 mask 0
1298 480 1367 480 1367 561 1298 561 mask 0
1168 474 1249 474 1249 576 1168 576 mask 0
1234 360 1295 360 1295 439 1234 439 mask 0
1261 189 1314 189 1314 254 1261 254 no-mask 0
1322 152 1370 152 1370 213 1322 213 no-mask 0
1062 1.9999999999999998 1110 1.9999999999999998 1110 63 1062 63 mask 0
1054 108 1105 108 1105 168 1054 168 mask 0
1116 49 1167 49 1167 108 1116 108 mask 0
1243 84 1297 84 1297 145 1243 145 mask 0
1219 222 1274 222 1274 286 1219 286 mask 0
1234 0.9999999999999999 1283 0.9999999999999999 1283 36 1234 36 mask 0
1313 66 1358 66 1358 116 1313 116 mask 0
1362 79 1415 79 1415 137 1362 137 mask 0
1387 93 1437 93 1437 150 1387 150 mask 0
1510 0 1557 0 1557 37 1510 37 mask 0
1432 114 1484 114 1484 171 1432 171 mask 0
1710 25 1756 25 1756 81 1710 81 mask 0
1610 63 1660 63 1660 125 1610 125 mask 0
1565 105.99999999999999 1615 105.99999999999999 1615 151 1565 151 mask 0
1448 167 1496 167 1496 216 1448 216 no-mask 0
1659 99 1703 99 1703 146 1659 146 no-mask 0
1892 7 1938 7 1938 62 1892 62 no-mask 0
1827 37 1880 37 1880 92 1827 92 mask 0
1759 60 1816 60 1816 123 1759 123 mask 0
1711 194 1766 194 1766 255 1711 255 mask 0
1621 192.00000000000003 1675 192.00000000000003 1675 255 1621 255 mask 0
1516 284 1577 284 1577 357 1516 357 mask 0
1677 268 1734 268 1734 333 1677 333 mask 0
1821 209 1876 209 1876 280 1821 280 mask 0
1930 97 1990 97 1990 171 1930 171 mask 0
1870 209.99999999999997 1932 209.99999999999997 1932 277 1870 277 mask 0
1786 345 1831 345 1831 396 1786 396 mask 0
1714 399 1783 399 1783 472.00000000000006 1714 472.00000000000006 mask 0
1666 349.00000000000006 1726 349.00000000000006 1726 418 1666 418 mask 0
1586 377 1661 377 1661 454.99999999999994 1586 454.99999999999994 mask 0
1957 625 1998 625 1998 717 1957 717 mask 0
1806 397.00000000000006 1877 397.00000000000006 1877 476.99999999999994 1806 476.99999999999994 mask 0
1786 545 1858 545 1858 635 1786 635 mask 0
1745 591 1829 591 1829 686 1745 686 mask 0
1433 505 1512 505 1512 588 1433 588 mask 0
1346 524 1423 524 1423 621 1346 621 mask 0
1396 574 1475 574 1475 674 1396 674 mask 0
680 573 773 573 773 671 680 671 mask 0
813 539 894 539 894 630 813 630 mask 0
941 563 1034 563 1034 667 941 667 mask 0
864 688 949 688 949 788 864 788 mask 0
1728 469 1797 469 1797 549 1728 549 mask 0
1144 649 1241 649 1241 758 1144 758 mask 0
893 745 994 745 994 852.9999999999999 893 852.9999999999999 mask 0
93 889 218 889 218 1004 93 1004 mask 0
1743 1253 1865 1253 1865 1382 1743 1382 mask 0
1398 679 1489 679 1489 777.9999999999999 1398 777.9999999999999 mask 0
1338 694 1436 694 1436 803.9999999999999 1338 803.9999999999999 mask 0
1838 677 1922 677 1922 780 1838 780 mask 0
1824 764.9999999999999 1939 764.9999999999999 1939 895.0000000000001 1824 895.0000000000001 mask 0
1834 1012 1926 1012 1926 1134 1834 1134 mask 0
1750 1023 1862 1023 1862 1162 1750 1162 mask 0
1436 1170 1560 1170 1560 1317 1436 1317 mask 0
1242 1064 1352 1064 1352 1194 1242 1194 mask 0
1149 965 1254 965 1254 1088 1149 1088 mask 0
1033 1128 1149 1128 1149 1252 1033 1252 mask 0
875 1037 949 1037 949 1134 875 1134 mask 0
755 1210 882 1210 882 1343 755 1343 mask 0
440 1236 552 1236 552 1357 440 1357 mask 0
703 805 798 805 798 896.9999999999999 703 896.9999999999999 mask 0
528 723 612 723 612 816.9999999999999 528 816.9999999999999 mask 0
475 775 574 775 574 881 475 881 mask 0
721 909 798 909 798 1005 721 1005 mask 0
768 908 854 908 854 1020 768 1020 mask 0
598 1002 708 1002 708 1120 598 1120 mask 0