385 0 474 0 474 94 385 94 mask 0
500 257 610 257 610 423 500 423 no-mask 0
94 4 163 4 163 75 94 75 mask 0
752 101 843 101 843 210 752 210 mask 0
603 83 687 83 687 181 603 181 no-mask 0
815 3.0000000000000004 860 3.0000000000000004 860 78 815 78 no-mask 0
697 19 768 19 768 109 697 109 no-mask 0
591 7 674 7 674 85 591 85 no-mask 0
451 80 535 80 535 175 451 175 no-mask 0
494 5 580 5 580 98 494 98 no-mask 0
37 3.0000000000000004 109 3.0000000000000004 109 104 37 104 no-mask 0
163 6.000000000000001 236 6.000000000000001 236 101 163 101 no-mask 0
242 254.00000000000003 379 254.00000000000003 379 429 242 429 no-mask 0
135 170 233.00000000000003 170 233.00000000000003 314 135 314 no-mask 0
3 172.99999999999997 110.99999999999999 172.99999999999997 110.99999999999999 321 3 321 no-mask 0
590 348 699 348 699 493 590 493 mask 0
653 184 752 184 752 330 653 330 mask 0
367 92 468 92 468 239 367 239 mask 0
529 143 639 143 639 288 529 288 mask 0
105 345.99999999999994 262 345.99999999999994 262 565 105 565 mask 0