710 0 740 0 740 38 710 38 mask 0
489.99999999999994 7 533 7 533 55 489.99999999999994 55 mask 0
354 3 383 3 383 30 354 30 mask 0
403 10 435 10 435 43 403 43 mask 0
216 6 265 6 265 73 216 73 mask 0
187 27 237.00000000000003 27 237.00000000000003 99 187 99 mask 0
100 229 211 229 211 361 100 361 mask 0
274 186 351 186 351 296 274 296 mask 0
348 101 419 101 419 190 348 190 mask 0
466.00000000000006 77 529 77 529 162 466.00000000000006 162 mask 0
484 148 559 148 559 243 484 243 mask 0
565 69 636 69 636 155 565 155 mask 0
723 36 770 36 770 100 723 100 mask 0
762 3 806 3 806 42 762 42 mask 0
667 35 707 35 707 86 667 86 no-mask 0