369 220.00000000000003 401 220.00000000000003 401 257 369 257 mask 0
2 209 33 209 33 261 2 261 mask 0
520 231 545 231 545 271 520 271 mask 0
16 254 89 254 89 331 16 331 mask 0
126 230 156 230 156 271 126 271 mask 0
297 204 331 204 331 249 297 249 mask 0
356 264 428 264 428 351 356 351 mask 0
47 313 143 313 143 401 47 401 mask 0
179 212 294 212 294 341 179 341 mask 0
742 243.99999999999997 786 243.99999999999997 786 298 742 298 mask 0
777 278 850 278 850 369 777 369 mask 0
656 269 729.9999999999999 269 729.9999999999999 354.00000000000006 656 354.00000000000006 mask 0
434.00000000000006 225.99999999999997 514 225.99999999999997 514 345 434.00000000000006 345 mask 0
497 328 614 328 614 474 497 474 mask 0
1090 372 1173 372 1173 554 1090 554 mask 0
921 251.00000000000003 1127 251.00000000000003 1127 535 921 535 mask 0