1700 222 1812 222 1812 346 1700 346 mask 0
1471 245.99999999999997 1593 245.99999999999997 1593 368 1471 368 mask 0
1312 221 1419 221 1419 329 1312 329 mask 0
1153 225 1253 225 1253 334 1153 334 mask 0
997 189 1090 189 1090 292 997 292 mask 0
759 192 864 192 864 304 759 304 mask 0
566 158 661 158 661 271 566 271 mask 0
465 121 550 121 550 232 465 232 mask 0
371 200 473.99999999999994 200 473.99999999999994 326 371 326 mask 0
197 197 305 197 305 323 197 323 mask 0
8 185 110 185 110 313 8 313 mask 0