339 240 433 240 433 341 339 341 mask 0
1373 420 1458 420 1458 505 1373 505 mask 0
1350 317 1414 317 1414 395 1350 395 mask 0
1104 388 1173 388 1173 463 1104 463 mask 0
1316 380 1401 380 1401 483 1316 483 mask 0
1013 363 1098 363 1098 481 1013 481 mask 0
1146 208 1345 208 1345 433 1146 433 mask 0
667 63 835 63 835 263 667 263 mask 0
325 319 428 319 428 441 325 441 mask 0
121.99999999999999 209 296 209 296 461 121.99999999999999 461 mask 0
17 387 152 387 152 516 17 516 mask 0
9 226 121 226 121 367 9 367 mask 0