786 43.00000000000001 867.9999999999999 43.00000000000001 867.9999999999999 137 786 137 no-mask 0
1002 66 1087 66 1087 168 1002 168 no-mask 0
1099 144 1172 144 1172 271 1099 271 no-mask 0
639 311 792 311 792 466 639 466 no-mask 0
682 226 816 226 816 355 682 355 no-mask 0
601 121 693 121 693 248 601 248 no-mask 0
530 90 621 90 621 208 530 208 no-mask 0
248 89 350.99999999999994 89 350.99999999999994 214.99999999999997 248 214.99999999999997 no-mask 0
103 117 207 117 207 230 103 230 no-mask 0
176 156 280 156 280 300 176 300 no-mask 0
168 292 292 292 292 420 168 420 no-mask 0
334 243.99999999999997 462 243.99999999999997 462 403 334 403 no-mask 0
933 279 1099 279 1099 464 933 464 mask 0
451.00000000000006 231 587 231 587 404 451.00000000000006 404 mask 0