1121 60 1199 60 1199 141 1121 141 mask 0
716 108 779 108 779 244.00000000000003 716 244.00000000000003 mask 0
411 19 562 19 562 251.00000000000003 411 251.00000000000003 mask 0
218 2 448.99999999999994 2 448.99999999999994 180 218 180 mask 0
529 95 625 95 625 268 529 268 mask 0
608 68 723 68 723 236 608 236 mask 0
1367 128 1430 128 1430 226.99999999999997 1367 226.99999999999997 mask 0
1171 105 1245 105 1245 216 1171 216 mask 0
1217 85 1349 85 1349 219 1217 219 mask 0
1057 97 1185 97 1185 238 1057 238 mask 0
904 33 1028 33 1028 178 904 178 mask 0
932 122.00000000000001 1072 122.00000000000001 1072 294 932 294 mask 0
952.0000000000001 347 1112 347 1112 533 952.0000000000001 533 mask 0