597 88 666.0000000000001 88 666.0000000000001 148 597 148 mask 0
779 102.99999999999999 858 102.99999999999999 858 199 779 199 no-mask 0
943.0000000000001 88 1010 88 1010 173 943.0000000000001 173 mask 0
1011 264 1082 264 1082 381 1011 381 no-mask 0
1052 225 1196 225 1196 410 1052 410 mask 0
915 175 1010 175 1010 309 915 309 mask 0
789 199 908.9999999999999 199 908.9999999999999 345 789 345 mask 0
653 193 752.9999999999999 193 752.9999999999999 312 653 312 mask 0
591 148 660 148 660 247 591 247 mask 0
564 128 631.9999999999999 128 631.9999999999999 202 564 202 mask 0
525 139 571 139 571 210 525 210 mask 0
458 121 534 121 534 213.00000000000003 458 213.00000000000003 mask 0
284 140 362.00000000000006 140 362.00000000000006 223.00000000000003 284 223.00000000000003 mask 0
193 147 261 147 261 219 193 219 mask 0
6 149 99 149 99 255 6 255 mask 0