360 44.00000000000001 396 44.00000000000001 396 87 360 87 no-mask 0
311 17 349 17 349 59 311 59 no-mask 0
206 48 240 48 240 89 206 89 mask 0
208 68 253 68 253 120.00000000000001 208 120.00000000000001 mask 0
173 79 230 79 230 140 173 140 mask 0
325 61 369 61 369 111 325 111 mask 0
426 19 461 19 461 56.99999999999999 426 56.99999999999999 mask 0
436 47 469 47 469 96 436 96 mask 0
384 56 437 56 437 113 384 113 mask 0
416 95 493 95 493 178 416 178 mask 0
236 31 314 31 314 122 236 122 mask 0
12 27 73 27 73 105 12 105 mask 0
47 70 140 70 140 169 47 169 mask 0