969 106 1033 106 1033 173 969 173 no-mask 0
48 76 141 76 141 196 48 196 mask 0
158 119.99999999999999 255.00000000000003 119.99999999999999 255.00000000000003 233 158 233 mask 0
328 80 397.00000000000006 80 397.00000000000006 153 328 153 mask 0
404 56.00000000000001 488 56.00000000000001 488 155 404 155 mask 0
543 108 617 108 617 192 543 192 mask 0
729 135 785 135 785 216 729 216 mask 0
1126 83 1208 83 1208 183.99999999999997 1126 183.99999999999997 mask 0
1049 70 1134 70 1134 168 1049 168 mask 0
894 76 980 76 980 179 894 179 mask 0
816 128 929 128 929 268 816 268 mask 0
762 112.00000000000001 864 112.00000000000001 864 250 762 250 mask 0
669 94 744 94 744 201 669 201 mask 0
465 110.99999999999999 538 110.99999999999999 538 200 465 200 mask 0
370 122.00000000000001 474 122.00000000000001 474 221.99999999999997 370 221.99999999999997 mask 0
487 259 600 259 600 366.99999999999994 487 366.99999999999994 mask 0
604 93.00000000000001 681 93.00000000000001 681 189 604 189 mask 0